44.GP Ustki
17 marca 2027

ROZDANIE NR  1                 ROZDANIE NR  2                 ROZDANIE NR  3
            ZAPIS    PUNKTY                ZAPIS    PUNKTY                ZAPIS    PUNKTY  
  NS  EW   NS  EW    NS   EW     NS  EW   NS  EW    NS   EW     NS  EW   NS  EW    NS   EW 
-----------------------------  -----------------------------  -----------------------------
   3   7  400       8.0   0.0     3   7  620       7.0   1.0     3   7  400       3.0   5.0  
   2   9  150       3.0   5.0     2   9  170       3.0   5.0     2   9  420       6.0   2.0  
   5   6  150       3.0   5.0     5   6  100       0.0   8.0     5   6  430       8.0   0.0  
  10   8  150       3.0   5.0    10   8  620       7.0   1.0    10   8      -50   0.0   8.0  
   1   4  150       3.0   5.0     1   4  170       3.0   5.0     1   4  400       3.0   5.0  

ROZDANIE NR  4                 ROZDANIE NR  5                 ROZDANIE NR  6
            ZAPIS    PUNKTY                ZAPIS    PUNKTY                ZAPIS    PUNKTY  
  NS  EW   NS  EW    NS   EW     NS  EW   NS  EW    NS   EW     NS  EW   NS  EW    NS   EW 
-----------------------------  -----------------------------  -----------------------------
   2   5     -150   8.0   0.0     2   5  600       7.0   1.0     2   5  400       3.0   5.0  
   4   8     -210   2.0   6.0     4   8  110       2.0   6.0     4   8  400       3.0   5.0  
   3   1     -180   6.0   2.0     3   1  200       4.0   4.0     3   1  460       7.0   1.0  
   6   7     -630   0.0   8.0     6   7     -100   0.0   8.0     6   7  180       0.0   8.0  
  10   9     -200   4.0   4.0    10   9  600       7.0   1.0    10   9  460       7.0   1.0  

ROZDANIE NR  7                 ROZDANIE NR  8                 ROZDANIE NR  9
            ZAPIS    PUNKTY                ZAPIS    PUNKTY                ZAPIS    PUNKTY  
  NS  EW   NS  EW    NS   EW     NS  EW   NS  EW    NS   EW     NS  EW   NS  EW    NS   EW 
-----------------------------  -----------------------------  -----------------------------
  10   1     -140   3.0   5.0    10   1  100       8.0   0.0    10   1      -50   3.0   5.0  
   3   6      -90   6.0   2.0     3   6     -120   3.0   5.0     3   6      -50   3.0   5.0  
   5   9  100       8.0   0.0     5   9     -400   0.0   8.0     5   9      -50   3.0   5.0  
   4   2     -170   0.0   8.0     4   2     -120   3.0   5.0     4   2  110       8.0   0.0  
   7   8     -140   3.0   5.0     7   8      -90   6.0   2.0     7   8      -50   3.0   5.0  

ROZDANIE NR 10                 ROZDANIE NR 11                 ROZDANIE NR 12
            ZAPIS    PUNKTY                ZAPIS    PUNKTY                ZAPIS    PUNKTY  
  NS  EW   NS  EW    NS   EW     NS  EW   NS  EW    NS   EW     NS  EW   NS  EW    NS   EW 
-----------------------------  -----------------------------  -----------------------------
   9   8     -600   2.0   6.0     9   8     -100   0.0   8.0     9   8     -990   2.0   6.0  
  10   2     -630   0.0   8.0    10   2      -50   2.0   6.0    10   2     -940   4.0   4.0  
   4   7  100       7.0   1.0     4   7  400       7.0   1.0     4   7    -1020   0.0   8.0  
   6   1     -120   4.0   4.0     6   1  400       7.0   1.0     6   1     -920   6.0   2.0  
   5   3  100       7.0   1.0     5   3  130       4.0   4.0     5   3     -490   8.0   0.0  

ROZDANIE NR 13                 ROZDANIE NR 14                 ROZDANIE NR 15
            ZAPIS    PUNKTY                ZAPIS    PUNKTY                ZAPIS    PUNKTY  
  NS  EW   NS  EW    NS   EW     NS  EW   NS  EW    NS   EW     NS  EW   NS  EW    NS   EW 
-----------------------------  -----------------------------  -----------------------------
   6   4  100       0.0   8.0     6   4     -150   2.0   6.0     6   4   50       2.0   6.0  
   9   1  110       2.0   6.0     9   1   50       6.0   2.0     9   1  100       6.0   2.0  
  10   3  200       8.0   0.0    10   3      -50   4.0   4.0    10   3  150       8.0   0.0  
   5   8  140       5.0   3.0     5   8  110       8.0   0.0     5   8   50       2.0   6.0  
   7   2  140       5.0   3.0     7   2     -300   0.0   8.0     7   2   50       2.0   6.0  

ROZDANIE NR 16                 ROZDANIE NR 17                 ROZDANIE NR 18
            ZAPIS    PUNKTY                ZAPIS    PUNKTY                ZAPIS    PUNKTY  
  NS  EW   NS  EW    NS   EW     NS  EW   NS  EW    NS   EW     NS  EW   NS  EW    NS   EW 
-----------------------------  -----------------------------  -----------------------------
   7   5  100       8.0   0.0     7   5  500       8.0   0.0     7   5     -450   1.0   7.0  
   1   2      -50   4.0   4.0     1   2   50       0.0   8.0     1   2     -450   1.0   7.0  
  10   4     -120   0.0   8.0    10   4  400       5.0   3.0    10   4     -420   4.0   4.0  
   6   9   90       6.0   2.0     6   9  400       5.0   3.0     6   9     -170   7.0   1.0  
   8   3      -90   2.0   6.0     8   3  150       2.0   6.0     8   3     -170   7.0   1.0  

ROZDANIE NR 19                 ROZDANIE NR 20                 ROZDANIE NR 21
            ZAPIS    PUNKTY                ZAPIS    PUNKTY                ZAPIS    PUNKTY  
  NS  EW   NS  EW    NS   EW     NS  EW   NS  EW    NS   EW     NS  EW   NS  EW    NS   EW 
-----------------------------  -----------------------------  -----------------------------
   8   6  430       6.0   2.0     8   6  100       5.0   3.0     8   6      -90   2.0   6.0  
   2   3  430       6.0   2.0     2   3  100       5.0   3.0     2   3  100       6.0   2.0  
  10   5      -50   1.0   7.0    10   5     -620   0.0   8.0    10   5  100       6.0   2.0  
   7   1  430       6.0   2.0     7   1     -140   2.0   6.0     7   1     -110   0.0   8.0  
   9   4      -50   1.0   7.0     9   4  200       8.0   0.0     9   4  100       6.0   2.0  

ROZDANIE NR 22                 ROZDANIE NR 23                 ROZDANIE NR 24
            ZAPIS    PUNKTY                ZAPIS    PUNKTY                ZAPIS    PUNKTY  
  NS  EW   NS  EW    NS   EW     NS  EW   NS  EW    NS   EW     NS  EW   NS  EW    NS   EW 
-----------------------------  -----------------------------  -----------------------------
   9   7  230       2.0   6.0     9   7     -300   4.0   4.0     9   7     -590   0.0   8.0  
   3   4  480       6.0   2.0     3   4  100       6.0   2.0     3   4     -140   7.0   1.0  
  10   6  920       8.0   0.0    10   6  500       8.0   0.0    10   6     -140   7.0   1.0  
   8   2  420       4.0   4.0     8   2     -400   2.0   6.0     8   2     -420   3.0   5.0  
   1   5  170       0.0   8.0     1   5     -500   0.0   8.0     1   5     -420   3.0   5.0  

ROZDANIE NR 25                 ROZDANIE NR 26                 ROZDANIE NR 27
            ZAPIS    PUNKTY                ZAPIS    PUNKTY                ZAPIS    PUNKTY  
  NS  EW   NS  EW    NS   EW     NS  EW   NS  EW    NS   EW     NS  EW   NS  EW    NS   EW 
-----------------------------  -----------------------------  -----------------------------
   1   8  110       3.0   5.0     1   8  200       1.0   7.0     1   8     -150   8.0   0.0  
   4   5  110       3.0   5.0     4   5  650       7.0   1.0     4   5     -490   2.0   6.0  
  10   7  400       6.0   2.0    10   7  650       7.0   1.0    10   7     -490   2.0   6.0  
   9   3      -50   0.0   8.0     9   3  620       4.0   4.0     9   3     -460   6.0   2.0  
   2   6  430       8.0   0.0     2   6  200       1.0   7.0     2   6     -490   2.0   6.0  

