0714UW

ROZDANIE NR  1                 ROZDANIE NR  2
            ZAPIS    PUNKTY                ZAPIS    PUNKTY  
  NS  EW   NS  EW    NS   EW     NS  EW   NS  EW    NS   EW 
-----------------------------  -----------------------------
   5  12  120       6.0   6.0     5  12  140      12.0   0.0  
  13  10  110       3.0   9.0    13  10     -100   3.0   9.0  
   2   6  110       3.0   9.0     2   6  100      10.0   2.0  
   4   9  130       8.0   4.0     4   9     -100   3.0   9.0  
  14  11  140      10.0   2.0    14  11   50       8.0   4.0  
   7   8  150      12.0   0.0     7   8     -100   3.0   9.0  
   1   3  100       0.0  12.0     1   3     -100   3.0   9.0  

ROZDANIE NR  3                 ROZDANIE NR  4
            ZAPIS    PUNKTY                ZAPIS    PUNKTY  
  NS  EW   NS  EW    NS   EW     NS  EW   NS  EW    NS   EW 
-----------------------------  -----------------------------
   2   4      -50   1.0  11.0     2   4     -170  11.0   1.0  
   6  13      -50   1.0  11.0     6  13    -1370   1.0  11.0  
   1  11  450       9.0   3.0     1  11     -170  11.0   1.0  
   3   7  450       9.0   3.0     3   7     -620   6.0   6.0  
   5  10  450       9.0   3.0     5  10     -720   4.0   8.0  
  14  12  450       9.0   3.0    14  12     -600   8.0   4.0  
   8   9  420       4.0   8.0     8   9    -1370   1.0  11.0  

ROZDANIE NR  5                 ROZDANIE NR  6
            ZAPIS    PUNKTY                ZAPIS    PUNKTY  
  NS  EW   NS  EW    NS   EW     NS  EW   NS  EW    NS   EW 
-----------------------------  -----------------------------
   9  10     -150   6.0   6.0     9  10     -710   0.0  12.0  
   3   5     -110   9.0   3.0     3   5     -680   4.0   8.0  
   7   1     -400   2.0  10.0     7   1     -680   4.0   8.0  
   2  12   90      12.0   0.0     2  12     -650   9.0   3.0  
   4   8     -400   2.0  10.0     4   8     -500  12.0   0.0  
   6  11     -110   9.0   3.0     6  11     -680   4.0   8.0  
  14  13     -400   2.0  10.0    14  13     -650   9.0   3.0  

ROZDANIE NR  7                 ROZDANIE NR  8
            ZAPIS    PUNKTY                ZAPIS    PUNKTY  
  NS  EW   NS  EW    NS   EW     NS  EW   NS  EW    NS   EW 
-----------------------------  -----------------------------
  14   1  300      12.0   0.0    14   1  140       8.0   4.0  
  10  11     -170   5.0   7.0    10  11     -100   0.0  12.0  
   4   6     -680   0.0  12.0     4   6  110       5.0   7.0  
   8   2     -170   5.0   7.0     8   2  100       2.0  10.0  
   3  13  100       9.0   3.0     3  13 1100      12.0   0.0  
   5   9  100       9.0   3.0     5   9  110       5.0   7.0  
   7  12     -650   2.0  10.0     7  12  420      10.0   2.0  

ROZDANIE NR  9                 ROZDANIE NR 10
            ZAPIS    PUNKTY                ZAPIS    PUNKTY  
  NS  EW   NS  EW    NS   EW     NS  EW   NS  EW    NS   EW 
-----------------------------  -----------------------------
   8  13     -600   1.0  11.0     8  13  650       6.0   6.0  
  14   2     -600   1.0  11.0    14   2  650       6.0   6.0  
  11  12  100      11.0   1.0    11  12  650       6.0   6.0  
   5   7  100      11.0   1.0     5   7  650       6.0   6.0  
   9   3     -150   4.0   8.0     9   3  650       6.0   6.0  
   4   1     -130   7.0   5.0     4   1  650       6.0   6.0  
   6  10     -130   7.0   5.0     6  10  650       6.0   6.0  

ROZDANIE NR 11                 ROZDANIE NR 12
            ZAPIS    PUNKTY                ZAPIS    PUNKTY  
  NS  EW   NS  EW    NS   EW     NS  EW   NS  EW    NS   EW 
-----------------------------  -----------------------------
   7  11     -420   8.0   4.0     7  11  200       9.0   3.0  
   9   1     -430   6.0   6.0     9   1  170       5.0   7.0  
  14   3     -450   2.0  10.0    14   3  170       5.0   7.0  
  12  13     -450   2.0  10.0    12  13     -100   2.0  10.0  
   6   8     -200  11.0   1.0     6   8  200       9.0   3.0  
  10   4     -200  11.0   1.0    10   4     -200   0.0  12.0  
   5   2     -450   2.0  10.0     5   2  650      12.0   0.0  

ROZDANIE NR 13                 ROZDANIE NR 14
            ZAPIS    PUNKTY                ZAPIS    PUNKTY  
  NS  EW   NS  EW    NS   EW     NS  EW   NS  EW    NS   EW 
-----------------------------  -----------------------------
   6   3  620      12.0   0.0     6   3     -140   7.0   5.0  
   8  12     -100   9.0   3.0     8  12   50      10.0   2.0  
  10   2     -200   3.0   9.0    10   2     -150   4.0   8.0  
  14   4     -200   3.0   9.0    14   4     -140   7.0   5.0  
  13   1     -100   9.0   3.0    13   1  100      12.0   0.0  
   7   9     -200   3.0   9.0     7   9    -1100   0.0  12.0  
  11   5     -200   3.0   9.0    11   5     -500   2.0  10.0  

ROZDANIE NR 15                 ROZDANIE NR 16
            ZAPIS    PUNKTY                ZAPIS    PUNKTY  
  NS  EW   NS  EW    NS   EW     NS  EW   NS  EW    NS   EW 
-----------------------------  -----------------------------
   7   4   50       7.2   4.8     7   4  100       0.2  11.8  
   9  13  150      11.8   0.2     9  13  200       7.2   4.8  
  11   3     -800   0.2  11.8    11   3  200       7.2   4.8  
  14   5     -430   2.5   9.5    14   5  200       7.2   4.8  
   1   2  100       9.5   2.5     1   2  200       7.2   4.8  
   8  10     -300   4.8   7.2     8  10  200       7.2   4.8  
  12   6  40% 60%   6.0   6.0    12   6  40% 60%   6.0   6.0  

ROZDANIE NR 17                 ROZDANIE NR 18
            ZAPIS    PUNKTY                ZAPIS    PUNKTY  
  NS  EW   NS  EW    NS   EW     NS  EW   NS  EW    NS   EW 
-----------------------------  -----------------------------
   8   5     -100   2.0  10.0     8   5   50       7.0   5.0  
  10   1   90      11.0   1.0    10   1   50       7.0   5.0  
  12   4  4 pasy    8.0   4.0    12   4     -200   0.0  12.0  
  14   6      -50   6.0   6.0    14   6  100      11.0   1.0  
   2   3     -100   2.0  10.0     2   3     -140   3.0   9.0  
   9  11   90      11.0   1.0     9  11     -140   3.0   9.0  
  13   7     -100   2.0  10.0    13   7  100      11.0   1.0  

ROZDANIE NR 19                 ROZDANIE NR 20
            ZAPIS    PUNKTY                ZAPIS    PUNKTY  
  NS  EW   NS  EW    NS   EW     NS  EW   NS  EW    NS   EW 
-----------------------------  -----------------------------
   9   6     -650   0.0  12.0     9   6  150       4.0   8.0  
  11   2     -620   2.0  10.0    11   2  150       4.0   8.0  
  13   5  450       9.0   3.0    13   5  300       8.0   4.0  
  14   7     -170   4.0   8.0    14   7  130       0.0  12.0  
   3   4  450       9.0   3.0     3   4  630      10.0   2.0  
  10  12  170       6.0   6.0    10  12  660      12.0   0.0  
   1   8  480      12.0   0.0     1   8  150       4.0   8.0  

ROZDANIE NR 21                 ROZDANIE NR 22
            ZAPIS    PUNKTY                ZAPIS    PUNKTY  
  NS  EW   NS  EW    NS   EW     NS  EW   NS  EW    NS   EW 
-----------------------------  -----------------------------
  10   7     -400   3.0   9.0    10   7     -120   8.0   4.0  
  12   3     -450   0.0  12.0    12   3     -180   0.0  12.0  
   1   6   50       6.0   6.0     1   6     -150   2.0  10.0  
  14   8  140      12.0   0.0    14   8     -120   8.0   4.0  
   4   5     -400   3.0   9.0     4   5     -120   8.0   4.0  
  11  13  100       9.0   3.0    11  13     -120   8.0   4.0  
   2   9  100       9.0   3.0     2   9     -120   8.0   4.0  

ROZDANIE NR 23                 ROZDANIE NR 24
            ZAPIS    PUNKTY                ZAPIS    PUNKTY  
  NS  EW   NS  EW    NS   EW     NS  EW   NS  EW    NS   EW 
-----------------------------  -----------------------------
  11   8  100       9.0   3.0    11   8  450      10.0   2.0  
  13   4     -100   4.0   8.0    13   4  450      10.0   2.0  
   2   7  200      12.0   0.0     2   7  420       5.0   7.0  
  14   9   90       6.0   6.0    14   9  170       2.0  10.0  
   5   6     -200   0.0  12.0     5   6  450      10.0   2.0  
  12   1  100       9.0   3.0    12   1  140       0.0  12.0  
   3  10     -140   2.0  10.0     3  10  420       5.0   7.0  

ROZDANIE NR 25                 ROZDANIE NR 26
            ZAPIS    PUNKTY                ZAPIS    PUNKTY  
  NS  EW   NS  EW    NS   EW     NS  EW   NS  EW    NS   EW 
-----------------------------  -----------------------------
  12   9  420       6.0   6.0    12   9  630       9.0   3.0  
   1   5  420       6.0   6.0     1   5  630       9.0   3.0  
   3   8      -50   2.0  10.0     3   8  630       9.0   3.0  
  14  10  450      11.0   1.0    14  10  130       2.0  10.0  
   6   7  450      11.0   1.0     6   7  630       9.0   3.0  
  13   2     -100   0.0  12.0    13   2  600       4.0   8.0  
   4  11  420       6.0   6.0     4  11  110       0.0  12.0  

